100013989;0;0
1670700;3.0984635;6283.07585
13956;3.05525;12566.1517
3084;5.1985;77713.7715
1628;1.1739;5753.3849
1576;2.8469;7860.4194
925;5.453;11506.77
542;4.564;3930.21
472;3.661;5884.927
346;0.964;5507.553
329;5.9;5223.694
307;0.299;5573.143
243;4.273;11790.629
212;5.847;1577.344
186;5.022;10977.079
175;3.012;18849.228
110;5.055;5486.778
98;0.89;6069.78
86;5.69;15720.84
86;1.27;161000.69
85;0.27;17260.15
63;0.92;529.69
57;2.01;83996.85
56;5.24;71430.7
49;3.25;2544.31
47;2.58;775.52
45;5.54;9437.76
43;6.01;6275.96
39;5.36;4694
38;2.39;8827.39
37;0.83;19651.05
37;4.9;12139.55
36;1.67;12036.46
35;1.84;2942.46
33;0.24;7084.9
32;0.18;5088.63
32;1.78;398.15
28;1.21;6286.6
28;1.9;6279.55
26;4.59;10447.39